1 1 1999.5 1 16 85.8563748079877 0.00537634408602151
2 2 1999.50463352991 2 14.6343723673126 84.2198820556024 0.0033698399326032
3 3 1999.5 3 16 78.3402457757296 0.00384024577572965
4 4 1999.5 4 15.5 71.620634920635 0
5 5 1999.5 5 16 68.3341013824885 0.00307219662058372
6 6 1999.5 6 15.5 72.2880952380952 0
7 7 1999.5 7 16 75.0698924731183 0
8 8 1999.5 8 16 78.2204301075269 0
9 9 1999.5 9 15.5 81.6238095238095 0
10 10 1999.5 10 16 83.9508448540707 0
11 11 1999.5 11 15.5 86.8031746031746 0
12 12 1999.5 12 16 87.299539170507 0.00153609831029186
