1 1 1999.5 1 16 89.3248847926267 0
2 2 1999.50463352991 2 14.6343723673126 86.7927548441449 0
3 3 1999.5 3 16 81.7864823348694 0
4 4 1999.5 4 15.5 74.8626984126984 0
5 5 1999.5 5 16 69.8909370199693 0
6 6 1999.5 6 15.5 74.8277777777778 0
7 7 1999.5 7 16 77.3970814132104 0.00076804915514593
8 8 1999.5 8 16 80.8325652841782 0
9 9 1999.5 9 15.5 84.5849206349206 0
10 10 1999.5 10 16 87.4086021505376 0
11 11 1999.5 11 15.5 90.0468253968254 0
12 12 1999.5 12 16 89.8125960061444 0.00307219662058372
