1 1 1999.5 1 16 88.4366640440598 0.214285714285714
2 2 1999.50463352991 2 14.6343723673126 86.5798101811907 0.212299915754002
3 3 1999.5 3 16 81.4421715184894 0.214285714285714
4 4 1999.5 4 15.5 74.2650406504065 0.215873015873016
5 5 1999.5 5 16 69.5437788018433 0
6 6 1999.5 6 15.5 73.2071428571429 0
7 7 1999.5 7 16 75.86866359447 0
8 8 1999.5 8 16 79.0921658986175 0
9 9 1999.5 9 15.5 82.89918699187 0.214285714285714
10 10 1999.5 10 16 86.0692368214005 0.214285714285714
11 11 1999.5 11 15.5 88.9934959349594 0.214285714285714
12 12 1999.5 12 16 89.4130605822187 0.214285714285714
