1 1 1999.5 1 16 85.5499231950845 0.00844854070660522
2 2 1999.50463352991 2 14.6343723673126 85.2384161752317 0
3 3 1999.5 3 16 80.4431643625192 0.00307219662058372
4 4 1999.5 4 15.5 77.3325396825397 0.000793650793650794
5 5 1999.5 5 16 74.9639016897081 0.00537634408602151
6 6 1999.5 6 15.5 78.663492063492 0
7 7 1999.5 7 16 79.3176923076923 0.0138248847926267
8 8 1999.5 8 16 79.7964669738863 0
9 9 1999.5 9 15.5 81.165873015873 0.00158730158730159
10 10 1999.5 10 16 81.9708141321045 0.00153609831029186
11 11 1999.5 11 15.5 85.7793650793651 0
12 12 1999.5 12 16 85.9500768049155 0
