1 1 1999.5 1 16 86.560794044665 3.42857142857143
2 2 1999.50463352991 2 14.6343723673126 85.5877551020408 3.42712721145746
3 3 1999.5 3 16 83.574441687345 3.43087557603687
4 4 1999.5 4 15.5 76.7538461538462 3.44920634920635
5 5 1999.5 5 16 77.7131782945736 3.65207373271889
6 6 1999.5 6 15.5 78.54 3.65238095238095
7 7 1999.5 7 16 79.321295143213 3.46236559139785
8 8 1999.5 8 16 78.8085106382979 3.49462365591398
9 9 1999.5 9 15.5 82.7703703703704 3.21428571428571
10 10 1999.5 10 16 83.0434243176179 3.43010752688172
11 11 1999.5 11 15.5 85.898717948718 3.43015873015873
12 12 1999.5 12 16 86.6650124069479 3.42857142857143
