1 1 1999.5 1 16 85.7995391705069 0
2 2 1999.50463352991 2 14.6343723673126 85.821398483572 0
3 3 1999.5 3 16 83.016129032258 0
4 4 1999.5 4 15.5 80.8936507936508 0
5 5 1999.5 5 16 78.8548387096774 0
6 6 1999.5 6 15.5 79.531746031746 0.0142857142857143
7 7 1999.5 7 16 80.3713611329662 0.214285714285714
8 8 1999.5 8 16 79.411487018096 0.226574500768049
9 9 1999.5 9 15.5 79.9174603174603 0.0142857142857143
10 10 1999.5 10 16 82.4700460829493 0
11 11 1999.5 11 15.5 84.7777777777778 0
12 12 1999.5 12 16 84.6006144393241 0.00076804915514593
