1 1 1999.5 1 16 86.0330448465775 0.216589861751152
2 2 1999.50463352991 2 14.6343723673126 86.2761000862813 0.212299915754002
3 3 1999.5 3 16 84.8347757671125 0.214285714285714
4 4 1999.5 4 15.5 82.0178861788618 0.214285714285714
5 5 1999.5 5 16 80.159127625202 0.442396313364055
6 6 1999.5 6 15.5 81.8975 0.430952380952381
7 7 1999.5 7 16 82.6951612903226 0.428571428571429
8 8 1999.5 8 16 81.8233870967742 0.428571428571429
9 9 1999.5 9 15.5 81.3708333333333 0.428571428571429
10 10 1999.5 10 16 82.2758064516129 0.428571428571429
11 11 1999.5 11 15.5 84.9391666666667 0.431746031746032
12 12 1999.5 12 16 85.1048387096774 0.428571428571429
