1 1 1999.5 1 16 87.9454685099846 0.00153609831029186
2 2 1999.50463352991 2 14.6343723673126 86.4566133108677 0
3 3 1999.5 3 16 81.1374807987711 0
4 4 1999.5 4 15.5 75.5857142857143 0
5 5 1999.5 5 16 72.4185867895545 0
6 6 1999.5 6 15.5 75.6703733121525 0.00714285714285714
7 7 1999.5 7 16 79.0099846390169 0
8 8 1999.5 8 16 82.2757296466974 0
9 9 1999.5 9 15.5 84.7444444444444 0
10 10 1999.5 10 16 86.884024577573 0
11 11 1999.5 11 15.5 89.4388888888889 0
12 12 1999.5 12 16 89.4562211981567 0
