1 1 1999.5 1 16 87.8310291858679 0
2 2 1999.50463352991 2 14.6343723673126 85.2207245155855 0
3 3 1999.5 3 16 77.3064516129032 0.00076804915514593
4 4 1999.5 4 15.5 68.734126984127 0
5 5 1999.5 5 16 65.8387096774194 0
6 6 1999.5 6 15.5 70.8269841269841 0
7 7 1999.5 7 16 74.5552995391705 0
8 8 1999.5 8 16 78.226574500768 0
9 9 1999.5 9 15.5 82.8293650793651 0
10 10 1999.5 10 16 85.6781874039939 0
11 11 1999.5 11 15.5 87.1063492063492 0.0238095238095238
12 12 1999.5 12 16 89.2926267281106 0
