1 1 1999.5 1 16 86.6874039938556 0.0076804915514593
2 2 1999.50463352991 2 14.6343723673126 84.067396798652 0.0050547598989048
3 3 1999.5 3 16 77.326420890937 0
4 4 1999.5 4 15.5 69.5063492063492 0
5 5 1999.5 5 16 66.6582181259601 0
6 6 1999.5 6 15.5 71.3414634146341 0.214285714285714
7 7 1999.5 7 16 74.147465437788 0
8 8 1999.5 8 16 77.52871754524 0.214285714285714
9 9 1999.5 9 15.5 82.3150793650794 0
10 10 1999.5 10 16 83.731182795699 0.0168970814132104
11 11 1999.5 11 15.5 88.3849206349206 0
12 12 1999.5 12 16 88.695084485407 0
