1 1 1999.5 1 16 89.1822580645161 4.72196620583717
2 2 1999.50463352991 2 14.6343723673126 87.4581005586592 4.93007582139848
3 3 1999.5 3 16 78.5212224108659 4.92857142857143
4 4 1999.5 4 15.5 72.0183333333333 4.71428571428571
5 5 1999.5 5 16 67.2333873581848 4.73502304147465
6 6 1999.5 6 15.5 70.7142857142857 4.50873015873016
7 7 1999.5 7 16 77 4.5
8 8 1999.5 8 16 80.5023183925811 4.52918586789555
9 9 1999.5 9 15.5 85.484126984127 4.5
10 10 1999.5 10 16 88.858064516129 4.71428571428571
11 11 1999.5 11 15.5 92.44 4.71428571428571
12 12 1999.5 12 16 92.1758064516129 4.71428571428571
