1 1 1999.5 1 16 89.3448540706605 0
2 2 1999.50463352991 2 14.6343723673126 86.7757166947723 0.0075821398483572
3 3 1999.5 3 16 79.7273425499232 0
4 4 1999.5 4 15.5 71.3801587301587 0
5 5 1999.5 5 16 66.9669738863287 0
6 6 1999.5 6 15.5 71.920634920635 0.000793650793650794
7 7 1999.5 7 16 75.3671274961598 0.00921658986175115
8 8 1999.5 8 16 80.8640552995392 0
9 9 1999.5 9 15.5 84.7007936507937 0.00238095238095238
10 10 1999.5 10 16 87.78955453149 0.00153609831029186
11 11 1999.5 11 15.5 90.729365079365 0
12 12 1999.5 12 16 90.8064516129032 0.00076804915514593
