1 1 1999.5 1 16 88.273425499232 0.00230414746543779
2 2 1999.50463352991 2 14.6343723673126 85.8685762426285 0
3 3 1999.5 3 16 78.3694316436252 0
4 4 1999.5 4 15.5 70.6587301587302 0
5 5 1999.5 5 16 68.5176651305684 0
6 6 1999.5 6 15.5 73.2404761904762 0.000793650793650794
7 7 1999.5 7 16 76.6344086021505 0
8 8 1999.5 8 16 80.389400921659 0
9 9 1999.5 9 15.5 84.5380952380952 0.00158730158730159
10 10 1999.5 10 16 87.3909370199693 0.00153609831029186
11 11 1999.5 11 15.5 90.1214285714286 0
12 12 1999.5 12 16 90.1466973886329 0
