1 1 1999.5 1 16 88.4862903225806 0.428571428571429
2 2 1999.50463352991 2 14.6343723673126 86.839378238342 0.226621735467565
3 3 1999.5 3 16 84.4893784421715 0.214285714285714
4 4 1999.5 4 15.5 79.2723577235772 0.214285714285714
5 5 1999.5 5 16 74.7199055861526 0.214285714285714
6 6 1999.5 6 15.5 77.2056910569106 0.214285714285714
7 7 1999.5 7 16 78.8898505114083 0.214285714285714
8 8 1999.5 8 16 80.4516129032258 0.214285714285714
9 9 1999.5 9 15.5 82.5983739837398 0.214285714285714
10 10 1999.5 10 16 84.8992125984252 0.222734254992319
11 11 1999.5 11 15.5 87.8829268292683 0.214285714285714
12 12 1999.5 12 16 88.5609362389023 0.435483870967742
