1 1 1999.5 1 16 85.6365066876475 0.214285714285714
2 2 1999.50463352991 2 14.6343723673126 85.792924935289 0.212299915754002
3 3 1999.5 3 16 83.008654602675 0.214285714285714
4 4 1999.5 4 15.5 81.0536585365854 0.214285714285714
5 5 1999.5 5 16 79.6734854445319 0.214285714285714
6 6 1999.5 6 15.5 81.695 0.428571428571429
7 7 1999.5 7 16 80.7620967741936 0.428571428571429
8 8 1999.5 8 16 79.8209677419355 0.428571428571429
9 9 1999.5 9 15.5 80.5716666666667 0.428571428571429
10 10 1999.5 10 16 81.9782258064516 0.428571428571429
11 11 1999.5 11 15.5 84.7934959349594 0.214285714285714
12 12 1999.5 12 16 85.2226593233674 0.214285714285714
