1 1 1999.5 1 16 88.3621700879765 4.28571428571429
2 2 1999.50463352991 2 14.6343723673126 86.959807073955 4.28390901432182
3 3 1999.5 3 16 83.0131964809384 4.28571428571429
4 4 1999.5 4 15.5 77.589393939394 4.28809523809524
5 5 1999.5 5 16 74.0982404692082 4.28725038402458
6 6 1999.5 6 15.5 74.9409090909091 4.28571428571429
7 7 1999.5 7 16 76.9970674486804 4.28571428571429
8 8 1999.5 8 16 78.8020527859237 4.28571428571429
9 9 1999.5 9 15.5 82.440909090909 4.28571428571429
10 10 1999.5 10 16 84.6006144393241 4.5
11 11 1999.5 11 15.5 87.4102964118565 4.42380952380952
12 12 1999.5 12 16 88.4178885630499 4.28571428571429
