1 1 1999.5 1 16 87.1971428571429 1.74807987711214
2 2 1999.50463352991 2 14.6343723673126 87.3590010405827 1.71356360572873
3 3 1999.5 3 16 83.7903225806452 1.72043010752688
4 4 1999.5 4 15.5 78.4428571428571 1.50555555555556
5 5 1999.5 5 16 72.5605920444033 1.53379416282642
6 6 1999.5 6 15.5 76.242156862745 1.71428571428571
7 7 1999.5 7 16 78.6869070208729 1.71582181259601
8 8 1999.5 8 16 81.1681329423265 1.92857142857143
9 9 1999.5 9 15.5 82.5656565656566 1.92857142857143
10 10 1999.5 10 16 84.1153470185728 1.92857142857143
11 11 1999.5 11 15.5 86.7171717171717 1.92936507936508
12 12 1999.5 12 16 86.6261859582543 1.72503840245776
