1 1 1999.5 1 16 86.3763440860215 0
2 2 1999.50463352991 2 14.6343723673126 84.6899747262005 0
3 3 1999.5 3 16 79.7542242703533 0
4 4 1999.5 4 15.5 75.7984126984127 0
5 5 1999.5 5 16 72.384024577573 0
6 6 1999.5 6 15.5 75.6693227091634 0.0365079365079365
7 7 1999.5 7 16 78.7135176651306 0
8 8 1999.5 8 16 80.3479262672811 0
9 9 1999.5 9 15.5 81.7904761904762 0
10 10 1999.5 10 16 82.7933947772657 0
11 11 1999.5 11 15.5 85.736507936508 0.00158730158730159
12 12 1999.5 12 16 86.5721966205837 0
