1 1 1999.5 1 16 87.1797235023041 0.00691244239631336
2 2 1999.50463352991 2 14.6343723673126 86.9149115417018 0.0058972198820556
3 3 1999.5 3 16 85.0092165898618 0
4 4 1999.5 4 15.5 80.5769841269841 0.00238095238095238
5 5 1999.5 5 16 77.2926267281106 0
6 6 1999.5 6 15.5 79.8547619047619 0
7 7 1999.5 7 16 79.747311827957 0
8 8 1999.5 8 16 80.0038402457757 0
9 9 1999.5 9 15.5 81.0825396825397 0
10 10 1999.5 10 16 82.705069124424 0.00076804915514593
11 11 1999.5 11 15.5 85.902380952381 0
12 12 1999.5 12 16 87.0983102918587 0
