1 1 1999.5 1 16 90.1236559139785 0
2 2 1999.50463352991 2 14.6343723673126 87.5299073294019 0
3 3 1999.5 3 16 81.3139260424862 0.214285714285714
4 4 1999.5 4 15.5 72.6261904761905 0.00952380952380952
5 5 1999.5 5 16 68.057603686636 0.0115207373271889
6 6 1999.5 6 15.5 73.8463414634146 0.214285714285714
7 7 1999.5 7 16 76.273013375295 0.228878648233487
8 8 1999.5 8 16 81.0454921422663 0.642857142857143
9 9 1999.5 9 15.5 85.3775 0.428571428571429
10 10 1999.5 10 16 88.5098347757671 0.214285714285714
11 11 1999.5 11 15.5 91.291056910569 0.215079365079365
12 12 1999.5 12 16 90.6927330173776 0.255760368663594
